220 161111-111611611 1661611161.

661666 (66166), m., 616, 66. 161166 (166166), 1., queen, 68.
661166 (66116), m., 161661, 1666, 166616, 16111, 166166,

61. 1111632.

666116 (66611), m., 6611, 64. 166 (16), 1., 16111666.
princeps (61111616), m. f.‚ 1611(166-),16.,111’66,27.

61111622. 1166 (1166), 1., bank, 68.
666116 (666116), 1., 6111, 68. 11166 (1116), m., 11166111, 66.
6661 (66616), 16, 661, 66. 1161116666 (661, 6), Roman.
pugno, 6666616, pugnavi, 1666 (1666), t, rose, 68.

66666166, 116111, 83. 16166616616616, 11161, 166-
pulcher (6616111616, 66161116), 166, burst, 87.

beautiful (see 69). 166 (1116), 6., 1611111116.
61616. 6161τὸ, paam, 6161-

166, punish, 83. aiga: (66666), 6666616116, 43.
6616, 661616, 661611, 6616- 661116 (661111-),1., 661611, 26.

166, think. 66666 (616, 6), rational, 71.

6661666 (6661661), wine.
66661, than, 43. 661166 (661166), m., 661166.
6661166 (661, 6), fourth, 73. 661166, 66116616, 6611661,
66616161 (6, ae), in 6161166 os scriptiis, write, 32.

(611673, 6611166, 661116616, 6661661,
666116, 6661616, 666661, 66616166, carve (in 61666),

6666666, shake. 32.

661 (6116116666), 1166, which, 66666666 (661,6),1666116, 73.

160. 7. 666, but, 18.

66111661 (quiddam, 66666616), 6661661, always.

a certain, 100. 9. 66663 (666), m., old 111611, 76.
66166 (611166), 1., quiet, 25. 666111666 (616,6),166611111, 73.
66111666, 116673. 666661, 666111, 66611166, sol·
6616166 (616, 6), flflh, 73. low, 96.
6616(6616,6666),111161161611 661166 (66116), 16, slave, 66.

100. 8. allex (sIlIc-), m. 1., 111111, 28.

61116 (61116), 1., forest, 68.

16116, 1611616, 1661, 16666, 661(661-),61.,1111,37.
serape, 36. 6661666 (666166),16.,11666,66.
rapax (16666), rapacium, 43. 6666, 666616, 666611, 6666-
166166 (166166), 1.,6111666. 166, 1611116, 88.
16616, 166616, 16661, 166166, 66666 (6666),61.,1ο11111, 66.
seiza, 87. 66161 (66166), 1., sister.

 

