218 LArm-mfflsfl 1001001111.

1101116110 (iim, 1), 100110, 71. 181110 (1111111), m., 110110, 24.
1101181, hortm, 1101181110, 10115,1011818,1011101,10118-
11100. 1110, 00011.
11011110 (1101101111, 1001101166. 181110 (11180), 0., 01110, 41.
1100110 (110011), ιιι. 1., enemy, 18110(010, 11101110, 71.
54. 1011110,101111818,1011ᾱὲ01,101111-
1181118110 (1111111810), m., 81110, 000110.
1001111101. laus (laud-)‚ 1., 010110, 20.
18310 (18111011), 1., 100100, 38.
1118111 (1118111, 01118111), same, 163⁶, 180818, 1801, 1001110,
100. 6. read, 80.
1118 (1111111, 1111), 11101, 100. 3. 100 (10001111, 1100, 38.
11111100101011111, 101010, 38. 18110 (8), 110111, 58.
11111181 (111ιο11), m., 01000012. lex (1111), 1., law, 28. .
101010111110(-1),000101011. 111181 (11010), m., 00010, 66.

111, 111, 1010, 22. 1111810, 1111811118, 11881101, ,

11181110 (8), empty, 58. 1188111110, 101 free, 83.
1111811111 (11111, 1), 1010, 77. 111110 (11100), n., shore.
1110011111Ιο (8), 1110001010, 58. longiis (iim, 1), lona, 71.
11101118 (11101111), 1., island, 68. 16quax (1001110), 1000001000,
11108 (11100111, 11101), sels, 100. 5. 48.
10 (Id, 01), 11101, 00, 11, her, 1801181,180111,180111110,10111,
111111(10110),1.,000. 11110010100010,1000,
1181 (1111181), n., 10001100, 41. 66.
111111811 (111111111-),ιι., 111111.

18010, 180818, 1801, 1001110, 111118 (111111), 1.,01000, 68.

101010, 87. lux (111011, 11001, 28.
180110 (1000), m., 10100, 66.
1001111610 (fun, 1), 01001101. 1118110181 (magistra), master,
jfidex (1111110-),1ιι.1,,111190, 28. 10001101, 66.
1111101181 (100), m., Jupiter 11031110(11111,1),10010,71.

(the 011101 01 1110 Roman 1111181, 1100100, 77.

gods), 75. mulo, 1110118, milui, prefer,
1110 (1110), 0.,110111, 41. 00. 4.

11181110 (11111), bad, 77.

1811616, 1806181818001101, 11181100, 1111111818, mansi,

1801118110, work. 11101101101001010.
180110 (11011), m., lake, 61. 11181110 (11111111), 1., 0011161.

 

